Tura,Symbol,Cena,Oblozenie,Przychod
1,s1,7,21,147
1,s2,7,16,112
1,s3,7,22,154
1,s4,7,7,49
2,s1,7,16,112
2,s2,7,22,154
2,s3,7,22,154
2,s4,7,5,35
3,s1,7,22,154
3,s2,7,20,140
3,s3,7,22,154
3,s4,7,12,84
4,s1,7,22,154
4,s2,7,14,98
4,s3,7,22,154
4,s4,7,7,49
5,s1,7,17,119
5,s2,7,22,154
5,s3,7,22,154
5,s4,7,11,77
6,s1,7,17,119
6,s2,7,19,133
6,s3,7,22,154
6,s4,7,6,42
7,s1,7,21,147
7,s2,7,19,133
7,s3,7,22,154
7,s4,7,6,42
8,s1,7,17,119
8,s2,7,22,154
8,s3,7,22,154
8,s4,7,6,42
9,s1,7,20,140
9,s2,7,22,154
9,s3,7,22,154
9,s4,7,6,42
10,s1,7,22,154
10,s2,7,17,119
10,s3,7,22,154
10,s4,7,7,49
11,s1,7,19,133
11,s2,7,14,98
11,s3,7,22,154
11,s4,7,8,56
12,s1,7,22,154
12,s2,7,22,154
12,s3,7,22,154
12,s4,7,7,49
13,s1,7,17,119
13,s2,7,16,112
13,s3,7,22,154
13,s4,7,7,49
14,s1,7,22,154
14,s2,7,19,133
14,s3,7,22,154
14,s4,7,10,70
15,s1,7,20,140
15,s2,7,22,154
15,s3,7,22,154
15,s4,7,7,49
16,s1,7,12,84
16,s2,7,14,98
16,s3,7,26,182
16,s4,7,5,35
17,s1,7,14,98
17,s2,7,14,98
17,s3,7,26,182
17,s4,7,5,35
18,s1,7,14,98
18,s2,7,15,105
18,s3,7,25,175
18,s4,7,5,35
19,s1,7,13,91
19,s2,7,16,112
19,s3,7,27,189
19,s4,7,0,0
20,s1,7,16,112
20,s2,7,14,98
20,s3,7,27,189
20,s4,7,5,35
21,s1,7,13,91
21,s2,7,15,105
21,s3,7,26,182
21,s4,7,6,42
22,s1,7,16,112
22,s2,7,15,105
22,s3,7,26,182
22,s4,7,6,42
